REACT_APP_CENTRE_X=12.938208653033508
REACT_APP_CENTRE_Y=77.56303455693195
CSV_FILE_PATH=sensor_data.csv